0.0000 0.0000 0.0000 0.0000 0.0000 0.0000 0.0000 0.0000 0.0000 0.0000 0.0000 0.0000 0.0000 0.0000 0.0000 0.0000 0.0000 0.0000 0.0000 0.0000 0.0000 0.0000 0.0000 0.0000 0.0000 
0.0000 0.0000 0.0000 0.0000 0.0000 0.0000 0.0000 0.0000 0.0000 0.0000 0.0000 0.0000 0.0000 0.0000 0.0000 0.0000 0.0000 0.0000 0.0000 0.0000 0.0000 0.0000 0.0000 0.0000 0.0000 
0.0000 0.0000 0.0000 0.0000 0.0000 0.0000 0.0000 0.0000 0.0000 0.0000 0.0000 0.0000 0.0000 0.0000 0.0000 0.0000 0.0000 0.0000 0.0000 0.0000 0.0000 0.0000 0.0000 0.0000 0.0000 
0.0000 0.0000 0.0000 0.0000 0.0000 0.0000 0.0000 0.0000 0.0000 0.0000 0.0000 0.0000 0.0000 0.0000 0.0000 0.0000 0.0000 0.0000 0.0000 0.0000 0.0000 0.0000 0.0000 0.0000 0.0000 
0.0000 0.0000 0.0000 0.0000 6.0000 6.0000 6.0000 6.0000 6.0000 6.0000 3.1623 6.7082 6.0000 2.0000 3.6056 3.6056 3.6056 3.6056 3.6056 2.8284 7.2111 0.0000 0.0000 0.0000 0.0000 
0.0000 0.0000 0.0000 0.0000 5.0990 6.0000 6.0000 6.0000 6.0000 6.7082 6.7082 6.7082 2.8284 2.0000 5.0990 3.6056 3.6056 3.6056 3.6056 5.0990 4.1231 0.0000 0.0000 0.0000 0.0000 
0.0000 0.0000 0.0000 0.0000 6.7082 4.1231 2.2361 2.8284 2.8284 6.7082 6.7082 6.7082 2.8284 2.0000 2.0000 5.0990 6.4031 3.6056 3.6056 5.0990 1.4142 0.0000 0.0000 0.0000 0.0000 
0.0000 0.0000 0.0000 0.0000 6.7082 0.0000 0.0000 2.8284 0.0000 0.0000 0.0000 0.0000 2.0000 2.0000 6.0828 5.6569 4.1231 3.6056 3.6056 1.4142 1.4142 0.0000 0.0000 0.0000 0.0000 
0.0000 0.0000 0.0000 0.0000 4.4721 4.4721 4.4721 4.4721 4.4721 6.7082 4.4721 4.4721 4.4721 6.0828 6.0828 6.0828 4.1231 4.2426 3.6056 4.1231 1.4142 0.0000 0.0000 0.0000 0.0000 
0.0000 0.0000 0.0000 0.0000 6.7082 4.4721 4.4721 2.8284 6.7082 6.7082 6.7082 6.7082 6.7082 6.7082 6.7082 4.2426 4.1231 3.1623 3.6056 5.8310 1.4142 0.0000 0.0000 0.0000 0.0000 
0.0000 0.0000 0.0000 0.0000 4.4721 4.4721 4.4721 6.0828 2.8284 6.7082 7.8102 4.2426 4.2426 4.2426 4.2426 6.7082 4.2426 3.1623 3.6056 5.8310 5.3852 0.0000 0.0000 0.0000 0.0000 
0.0000 0.0000 0.0000 0.0000 4.4721 4.4721 4.4721 6.0828 6.0828 4.4721 7.8102 4.2426 4.2426 4.2426 4.2426 4.2426 7.0711 7.0711 3.6056 5.8310 3.6056 0.0000 0.0000 0.0000 0.0000 
0.0000 0.0000 0.0000 0.0000 5.8310 4.1231 4.1231 4.1231 7.8102 7.8102 7.8102 0.0000 4.2426 6.0828 4.2426 7.2111 7.2111 7.0711 2.2361 6.7082 2.2361 0.0000 0.0000 0.0000 0.0000 
0.0000 0.0000 0.0000 0.0000 1.4142 4.4721 1.4142 4.1231 7.8102 4.4721 4.4721 5.6569 1.4142 5.6569 1.4142 1.4142 7.8102 3.6056 2.2361 1.4142 2.2361 0.0000 0.0000 0.0000 0.0000 
0.0000 0.0000 0.0000 0.0000 5.0000 4.1231 4.1231 4.1231 4.1231 5.6569 5.6569 5.6569 1.4142 5.6569 4.2426 4.2426 5.3852 4.2426 2.2361 6.7082 2.2361 0.0000 0.0000 0.0000 0.0000 
0.0000 0.0000 0.0000 0.0000 5.0000 4.4721 3.6056 7.8102 7.8102 5.6569 2.8284 5.6569 5.6569 5.6569 5.6569 1.4142 5.3852 4.2426 2.2361 5.3852 2.2361 0.0000 0.0000 0.0000 0.0000 
0.0000 0.0000 0.0000 0.0000 5.0000 5.0000 5.0000 5.0000 1.4142 3.1623 3.1623 3.1623 3.1623 5.6569 5.6569 1.4142 5.8310 5.8310 4.1231 1.4142 6.3246 0.0000 0.0000 0.0000 0.0000 
0.0000 0.0000 0.0000 0.0000 5.8310 5.8310 5.8310 3.1623 5.0000 3.1623 3.1623 3.1623 3.1623 7.2111 7.2111 1.4142 4.2426 5.8310 6.7082 6.3246 6.3246 0.0000 0.0000 0.0000 0.0000 
0.0000 0.0000 0.0000 0.0000 5.3852 7.0711 2.8284 6.0828 5.0000 1.4142 5.0000 3.1623 3.1623 3.1623 3.1623 3.1623 4.1231 5.8310 4.1231 6.0000 6.0000 0.0000 0.0000 0.0000 0.0000 
0.0000 0.0000 0.0000 0.0000 7.0711 7.0711 7.0711 7.0711 5.0000 7.0711 5.0000 6.7082 5.0000 5.0000 3.1623 2.2361 2.2361 5.8310 2.2361 6.0000 6.0000 0.0000 0.0000 0.0000 0.0000 
0.0000 0.0000 0.0000 0.0000 7.2111 7.0711 2.8284 6.0000 5.0000 5.0000 5.0000 5.0000 5.0000 5.0000 4.1231 3.6056 4.1231 5.8310 4.0000 6.0000 5.8310 0.0000 0.0000 0.0000 0.0000 
0.0000 0.0000 0.0000 0.0000 0.0000 0.0000 0.0000 0.0000 0.0000 0.0000 0.0000 0.0000 0.0000 0.0000 0.0000 0.0000 0.0000 0.0000 0.0000 0.0000 0.0000 0.0000 0.0000 0.0000 0.0000 
0.0000 0.0000 0.0000 0.0000 0.0000 0.0000 0.0000 0.0000 0.0000 0.0000 0.0000 0.0000 0.0000 0.0000 0.0000 0.0000 0.0000 0.0000 0.0000 0.0000 0.0000 0.0000 0.0000 0.0000 0.0000 
0.0000 0.0000 0.0000 0.0000 0.0000 0.0000 0.0000 0.0000 0.0000 0.0000 0.0000 0.0000 0.0000 0.0000 0.0000 0.0000 0.0000 0.0000 0.0000 0.0000 0.0000 0.0000 0.0000 0.0000 0.0000 
0.0000 0.0000 0.0000 0.0000 0.0000 0.0000 0.0000 0.0000 0.0000 0.0000 0.0000 0.0000 0.0000 0.0000 0.0000 0.0000 0.0000 0.0000 0.0000 0.0000 0.0000 0.0000 0.0000 0.0000 0.0000 
